SPACEBEE-7              
1 43816U 18099BL  23217.15255732  .00008591  00000+0  63707-3 0  9992
2 43816  97.5933 281.0515 0010173 293.9529  66.0631 15.03284508254664
SPACEBEE-5              
1 43817U 18099BM  23217.17011917  .00052310  00000+0  23521-2 0  9997
2 43817  97.5883 289.4605 0003198 247.9894 112.1001 15.20928196255138
SPACEBEE-6              
1 43818U 18099BN  23217.18359261  .00015592  00000+0  10349-2 0  9991
2 43818  97.5864 283.3464 0010025 309.1784  50.8552 15.07281408254940
SPACEBEE-62             
1 47429U 21006S   23217.15370951  .00039100  00000+0  11485-2 0  9994
2 47429  97.3819 277.5410 0008079 247.1183 112.9208 15.34995444140355
SPACEBEE-63             
1 47442U 21006AF  23217.13643921  .00029813  00000+0  10603-2 0  9998
2 47442  97.3856 273.6718 0002635 273.6015  86.4923 15.28933585140067
SPACEBEE-55             
1 47459U 21006AY  23217.39312590  .00038587  00000+0  12431-2 0  9998
2 47459  97.3778 275.2399 0006619 263.6835  96.3653 15.32069673140250
SPACEBEE-57             
1 47465U 21006BE  23217.15817715  .00031693  00000+0  11315-2 0  9999
2 47465  97.3798 272.9447 0002192 280.2395  79.8598 15.28795902140064
SPACEBEENZ-10           
1 48882U 21059D   23217.35626733  .00287061  00000+0  27163-2 0  9991
2 48882  97.5816   1.0702 0002535 252.3441 107.7542 15.66063623117300
SPACEBEE-100            
1 48883U 21059E   23217.34971298  .00051482  00000+0  15028-2 0  9993
2 48883  97.5994 355.5232 0005970 101.4255 258.7658 15.35140105116925
SPACEBEE-101            
1 48884U 21059F   23217.32912604  .00047919  00000+0  14407-2 0  9998
2 48884  97.6001 355.2696 0005915 105.8976 254.2918 15.34226554116904
SPACEBEE-102            
1 48886U 21059H   23217.37345075  .00050941  00000+0  15218-2 0  9997
2 48886  97.5999 355.3590 0005839 103.5413 256.6480 15.34413494116913
SPACEBEENZ-9            
1 48887U 21059J   23217.34732543  .00297300  00000+0  27740-2 0  9990
2 48887  97.5805   1.0543 0002534 249.9125 110.1862 15.66384025117301
SPACEBEE-103            
1 48888U 21059K   23217.34446586  .00052625  00000+0  15217-2 0  9995
2 48888  97.6006 355.7379 0005792 103.8142 256.3745 15.35433218116934
SPACEBEENZ-7            
1 48889U 21059L   23217.34410825  .00322033  00000+0  28000-2 0  9990
2 48889  97.5820   1.5731 0002646 253.2902 106.8068 15.68065055117322
SPACEBEE-104            
1 48890U 21059M   23217.33209668  .00052295  00000+0  14963-2 0  9995
2 48890  97.5995 355.6956 0005824 103.5310 256.6582 15.35765552116934
SPACEBEENZ-8            
1 48891U 21059N   23217.34883928  .00290102  00000+0  28112-2 0  9996
2 48891  97.5858   1.2898 0001833 250.6434 109.4627 15.65454708117307
SPACEBEE-106            
1 48893U 21059Q   23217.69442149  .00043290  00000+0  12932-2 0  9999
2 48893  97.6023 356.0618 0006428 103.2807 256.9153 15.34451352116979
SPACEBEE-107            
1 48894U 21059R   23217.35036520  .00054514  00000+0  15200-2 0  9997
2 48894  97.6023 356.3892 0005980 102.2541 257.9373 15.36562752116966
SPACEBEE-108            
1 48895U 21059S   23217.35700678  .00047896  00000+0  14265-2 0  9995
2 48895  97.6020 355.7042 0006538 103.2934 256.9038 15.34521480116925
SPACEBEE-105            
1 48896U 21059T   23217.37382448  .00053701  00000+0  15408-2 0  9991
2 48896  97.6005 355.6539 0005960  90.9127 269.2799 15.35671085116933
SPACEBEE-109            
1 48897U 21059U   23217.35955147  .00054305  00000+0  15383-2 0  9995
2 48897  97.6025 356.1825 0006254 102.2522 257.9421 15.36067967116950
SPACEBEE-110            
1 48899U 21059W   23217.62920568  .00048881  00000+0  13751-2 0  9995
2 48899  97.6022 356.7919 0006253  95.8461 264.3496 15.36311860117013
SPACEBEE-111            
1 48904U 21059AB  23217.37816307  .00059284  00000+0  15808-2 0  9993
2 48904  97.6030 357.1956 0006523  96.4072 263.7916 15.37924080117015
SPACEBEE-121            
1 52009U 22026B   23216.98500065  .00044605  00000+0  12976-2 0  9990
2 52009  97.5031 221.3751 0014858 259.3141 100.6429 15.35191556 77114
SPACEBEE-114            
1 52010U 22026C   23217.01140362  .00046590  00000+0  13187-2 0  9997
2 52010  97.5053 221.7985 0014094 258.8971 101.0688 15.36052159 77141
SPACEBEE-126            
1 52011U 22026D   23217.01674721  .00046633  00000+0  13191-2 0  9992
2 52011  97.5041 221.6992 0014419 256.4776 103.4861 15.36066667 77131
SPACEBEE-118            
1 52012U 22026E   23216.95339728  .00046857  00000+0  13047-2 0  9998
2 52012  97.5041 221.9719 0013601 260.6256  99.3450 15.36569846 77150
SPACEBEE-120            
1 52013U 22026F   23216.96584408  .00047012  00000+0  13230-2 0  9995
2 52013  97.5036 221.7532 0015255 253.5311 106.4257 15.36213188 77134
SPACEBEE-122            
1 52014U 22026G   23217.44035788  .00056053  00000+0  15500-2 0  9999
2 52014  97.5037 222.3479 0014145 254.0135 105.9550 15.36731734 77211
SPACEBEE-119            
1 52015U 22026H   23217.74832677  .00046691  00000+0  13449-2 0  9992
2 52015  97.5050 222.3136 0015046 256.1161 103.8408 15.35489202 77230
SPACEBEE-115            
1 52016U 22026J   23217.24339389  .00048963  00000+0  14200-2 0  9990
2 52016  97.5058 221.9454 0014834 257.3141 102.6444 15.35266092 77161
SPACEBEENZ-14           
1 52018U 22026L   23216.94559835  .00087024  00000+0  17961-2 0  9996
2 52018  97.4983 223.5803 0011535 239.6981 120.3127 15.45478868 77257
SPACEBEENZ-11           
1 52019U 22026M   23217.45072197  .00120087  00000+0  22352-2 0  9992
2 52019  97.4971 224.5745 0010961 232.4510 127.5745 15.48360488 77326
SPACEBEE-127            
1 52020U 22026N   23216.99780360  .00040727  00000+0  12134-2 0  9999
2 52020  97.5048 221.4290 0015344 259.2355 100.7160 15.34453383 77066
SPACEBEE-125            
1 52021U 22026P   23216.98116329  .00047866  00000+0  13267-2 0  9996
2 52021  97.5038 222.0181 0015479 256.1371 103.8151 15.36679145 77023
SPACEBEE-117            
1 52022U 22026Q   23217.01951226  .00042091  00000+0  12371-2 0  9995
2 52022  97.5057 221.6274 0015327 258.3222 101.6301 15.34875228 76990
SPACEBEE-116            
1 52023U 22026R   23216.95690200  .00043286  00000+0  12472-2 0  9999
2 52023  97.5060 221.7215 0014813 256.6390 103.3201 15.35500951 76994
SPACEBEE-113            
1 52024U 22026S   23217.01076313  .00046592  00000+0  13088-2 0  9998
2 52024  97.5044 221.9118 0015875 253.4294 106.5207 15.36261701 77011
SPACEBEE-112            
1 52025U 22026T   23217.01178781  .00059591  00000+0  14840-2 0  9991
2 52025  97.5028 222.6497 0013342 250.0079 109.9731 15.39952988 77064
SPACEBEENZ-13           
1 52026U 22026U   23217.54219868  .00088525  00000+0  17798-2 0  9996
2 52026  97.4981 224.3041 0011511 237.1044 122.9098 15.46241178 77139
SPACEBEE-123            
1 52027U 22026V   23216.95950323  .00043213  00000+0  12585-2 0  9993
2 52027  97.5038 221.4452 0014750 258.7764 101.1821 15.35165966 76897
SPACEBEENZ-12           
1 52028U 22026W   23216.97257080  .00073481  00000+0  16766-2 0  9991
2 52028  97.5076 223.2903 0012348 247.5278 112.4662 15.42549234 77091
SPACEBEE-124            
1 52029U 22026X   23217.23153662  .00050833  00000+0  14740-2 0  9999
2 52029  97.5035 221.6836 0015116 257.5282 102.4270 15.35257376 75655
SPACEBEE-136            
1 52164U 22033H   23217.23130663  .00189640  00000+0  20812-2 0  9999
2 52164  97.3387 303.1424 0003879 287.2984  72.7850 15.62592575 75166
SPACEBEE-138            
1 52166U 22033K   23217.22355539  .00178952  00000+0  20190-2 0  9994
2 52166  97.3426 303.1573 0003596 281.4530  78.6323 15.61911338 75156
SPACEBEE-130            
1 52176U 22033V   23217.19077303  .00193656  00000+0  20674-2 0  9996
2 52176  97.3407 303.2649 0003176 273.0314  87.0582 15.63293267 75148
SPACEBEE-139            
1 52177U 22033W   23217.19239427  .00160261  00000+0  19803-2 0  9992
2 52177  97.3436 302.6226 0003988 298.3669  61.7186 15.59586297 75095
SPACEBEE-129            
1 52179U 22033Y   23217.19826828  .00141338  00000+0  19074-2 0  9995
2 52179  97.3424 302.2114 0002783 299.2374  60.8602 15.57300308 75077
SPACEBEE-134            
1 52180U 22033Z   23217.19505486  .00138953  00000+0  19396-2 0  9997
2 52180  97.3393 301.8572 0003275 312.9332  47.1647 15.56394507 75059
SPACEBEE-131            
1 52181U 22033AA  23217.21365454  .00133781  00000+0  18644-2 0  9999
2 52181  97.3437 302.2143 0002841 306.2870  53.8123 15.56457529 75078
SPACEBEE-128            
1 52182U 22033AB  23217.20879892  .00152748  00000+0  19737-2 0  9993
2 52182  97.3450 302.5007 0002913 295.4407  64.6547 15.58426928 75083
SPACEBEE-133            
1 52183U 22033AC  23217.18401584  .00132503  00000+0  18162-2 0  9998
2 52183  97.3417 302.2572 0003399 310.5983  49.4977 15.56909901 75070
SPACEBEE-132            
1 52185U 22033AE  23217.19367765  .00180007  00000+0  20363-2 0  9991
2 52185  97.3421 303.0356 0002422 293.5990  66.5014 15.61841718 75114
SPACEBEE-137            
1 52186U 22033AF  23217.18056532  .00145479  00000+0  19396-2 0  9996
2 52186  97.3411 302.2687 0003611 304.9480  55.1436 15.57610302 75079
SPACEBEE-135            
1 52187U 22033AG  23217.21028652  .00176653  00000+0  20316-2 0  9995
2 52187  97.3435 303.0591 0003320 285.2763  74.8128 15.61421058 75126
SPACEBEE-143            
1 52394U 22047A   23217.18297708  .00039942  00000+0  13913-2 0  9990
2 52394  97.4201 300.7710 0007279 165.5175 194.6275 15.29528342 71172
SPACEBEENZ-15           
1 52395U 22047B   23217.19977817  .00072650  00000+0  19357-2 0  9999
2 52395  97.4178 302.5254 0006833 165.6066 194.5375 15.37884282 71294
SPACEBEENZ-16           
1 52396U 22047C   23217.21085117  .00072912  00000+0  19466-2 0  9998
2 52396  97.4177 302.5113 0006821 165.3874 194.7569 15.37820972 71292
SPACEBEENZ-17           
1 52397U 22047D   23217.17796020  .00069632  00000+0  18864-2 0  9992
2 52397  97.4178 302.4042 0006886 165.0453 195.0996 15.37381973 71285
SPACEBEENZ-18           
1 52398U 22047E   23217.17816465  .00071206  00000+0  19237-2 0  9994
2 52398  97.4175 302.3996 0006705 165.6606 194.4830 15.37462462 71289
SPACEBEE-140            
1 52399U 22047F   23217.18982506  .00049850  00000+0  15712-2 0  9990
2 52399  97.4194 301.5122 0007198 164.0412 196.1058 15.32704991 71246
SPACEBEE-141            
1 52400U 22047G   23217.73300364  .00036215  00000+0  12537-2 0  9993
2 52400  97.4200 301.4126 0007401 161.9541 198.1964 15.29751071 71263
SPACEBEE-142            
1 52401U 22047H   23217.14847418  .00035310  00000+0  12474-2 0  9990
2 52401  97.4189 300.6402 0007283 163.5571 196.5906 15.29095527 71161
SPACEBEENZ-20           
1 52402U 22047J   23217.20854134  .00070723  00000+0  19269-2 0  9997
2 52402  97.4165 302.3185 0007127 167.6119 192.5302 15.37198743 71285
SPACEBEENZ-22           
1 52403U 22047K   23217.20331444  .00064891  00000+0  18586-2 0  9992
2 52403  97.4173 302.0317 0007606 166.6280 193.5166 15.35661171 71264
SPACEBEENZ-19           
1 52404U 22047L   23217.18116013  .00072186  00000+0  19461-2 0  9992
2 52404  97.4174 302.3716 0007182 167.6823 192.4598 15.37519399 71280
SPACEBEENZ-21           
1 52405U 22047M   23217.17740691  .00068603  00000+0  18961-2 0  9990
2 52405  97.4172 302.2177 0007404 167.7759 192.3666 15.36760693 71273
SPACEBEE-148            
1 52406U 22047N   23217.22714702  .00049692  00000+0  15791-2 0  9996
2 52406  97.4192 301.4246 0007549 166.3408 193.8040 15.32441274 71224
SPACEBEE-149            
1 52407U 22047P   23217.14420385  .00036046  00000+0  12371-2 0  9999
2 52407  97.4189 300.7659 0007783 165.6857 194.4606 15.30031077 71174
SPACEBEE-153            
1 52408U 22047Q   23217.18120880  .00042053  00000+0  14141-2 0  9993
2 52408  97.4225 301.2168 0007707 176.6011 183.5284 15.30658855 71199
SPACEBEE-150            
1 52409U 22047R   23217.19065722  .00039678  00000+0  13851-2 0  9994
2 52409  97.4194 300.7238 0007833 167.7413 192.4020 15.29455230 71179
SPACEBEE-144            
1 52410U 22047S   23217.20056009  .00039018  00000+0  13685-2 0  9999
2 52410  97.4202 300.7474 0007333 166.1535 193.9908 15.29308806 71173
SPACEBEE-145            
1 52411U 22047T   23217.20471489  .00039156  00000+0  13708-2 0  9992
2 52411  97.4197 300.7299 0007359 165.7054 194.4396 15.29368167 71174
SPACEBEE-146            
1 52412U 22047U   23217.20921550  .00039600  00000+0  13770-2 0  9995
2 52412  97.4193 300.7063 0007342 165.9244 194.2202 15.29586203 71172
SPACEBEE-151            
1 52413U 22047V   23217.48069215  .00041762  00000+0  14644-2 0  9990
2 52413  97.4195 300.9381 0007871 167.1774 192.9668 15.29296311 71213
SPACEBEE-152            
1 52414U 22047W   23217.71470781  .00035820  00000+0  12654-2 0  9998
2 52414  97.4186 301.0663 0007937 166.7216 193.4234 15.29088374 71244
SPACEBEE-147            
1 52415U 22047X   23217.19155481  .00038193  00000+0  13559-2 0  9999
2 52415  97.4201 300.6102 0007303 168.3706 191.7704 15.28916635 71168
SPACEBEE-155            
1 52416U 22047Y   23217.45733080  .00041227  00000+0  14896-2 0  9993
2 52416  97.4173 300.4417 0008308 172.0719 188.0653 15.28314271 71188
SPACEBEE-154            
1 52417U 22047Z   23217.15024654  .00034772  00000+0  12377-2 0  9990
2 52417  97.4191 300.4605 0007724 169.4190 190.7214 15.28849379 71154
SPACEBEE-167            
1 55087U 23001CG  23217.13793447  .00019270  00000+0  86860-3 0  9993
2 55087  97.4728 276.7313 0014527 186.5013 173.6036 15.20985039 32537
SPACEBEE-163            
1 55089U 23001CJ  23217.15355819  .00023276  00000+0  10240-2 0  9993
2 55089  97.4723 276.8505 0014064 185.9801 174.1269 15.21782869 32544
SPACEBEE-164            
1 55091U 23001CL  23217.17016680  .00021787  00000+0  96997-3 0  9997
2 55091  97.4727 276.8335 0014740 185.8958 174.2106 15.21380274 32540
SPACEBEE-166            
1 55092U 23001CM  23217.16539772  .00025342  00000+0  10935-2 0  9997
2 55092  97.4717 276.9847 0016010 187.1508 172.9503 15.22398065 32552
SPACEBEE-165            
1 55094U 23001CP  23217.40743326  .00024152  00000+0  10648-2 0  9997
2 55094  97.4723 277.1214 0013985 184.1629 175.9493 15.21703215 32581
SPACEBEE-162            
1 55095U 23001CQ  23217.15575507  .00022013  00000+0  97529-3 0  9992
2 55095  97.4728 276.8520 0014941 185.0789 175.0297 15.21541427 32547
SPACEBEE-161            
1 55096U 23001CR  23217.14963875  .00021045  00000+0  93056-3 0  9996
2 55096  97.4726 276.8594 0014958 184.7850 175.3245 15.21618106 32545
SPACEBEE-160            
1 55097U 23001CS  23217.14404806  .00021026  00000+0  92856-3 0  9997
2 55097  97.4724 276.8642 0015018 185.2695 174.8385 15.21660452 32549
SPACEBEE-156            
1 55099U 23001CU  23217.13807437  .00021448  00000+0  94429-3 0  9991
2 55099  97.4724 276.8732 0015015 184.9593 175.1497 15.21760984 32540
SPACEBEE-158            
1 55100U 23001CV  23217.14860594  .00021663  00000+0  95953-3 0  9990
2 55100  97.4735 276.8677 0015457 185.4260 174.6811 15.21546073 32545
SPACEBEE-159            
1 55101U 23001CW  23217.16184828  .00025512  00000+0  11050-2 0  9994
2 55101  97.4724 276.9953 0016182 185.8838 174.2211 15.22265356 32557
SPACEBEE-157            
1 55102U 23001CX  23217.13788168  .00023601  00000+0  10152-2 0  9998
2 55102  97.4707 276.9962 0014519 186.9414 173.1624 15.22540337 32554
SPACEBEE-179            
1 56969U 23084AP  23217.13055924  .00018091  00000+0  96219-3 0  9994
2 56969  97.5186 333.0744 0015095  33.8596 326.3597 15.15220123  8062
SPACEBEE-177            
1 56972U 23084AS  23217.32582982  .00021629  00000+0  11444-2 0  9995
2 56972  97.5189 333.2771 0015370  33.1597 327.0595 15.15362160  8098
SPACEBEE-178            
1 56973U 23084AT  23217.78858769  .00019592  00000+0  10397-2 0  9997
2 56973  97.5193 333.7369 0015661  33.5423 326.6798 15.15273770  8163
SPACEBEE-176            
1 56975U 23084AV  23216.86232059  .00017098  00000+0  90638-3 0  9991
2 56975  97.5187 332.8206 0015532  33.9804 326.2419 15.15342835  8022
SPACEBEE-174            
1 56976U 23084AW  23216.86028820  .00017094  00000+0  90442-3 0  9990
2 56976  97.5189 332.8242 0015581  34.0038 326.2190 15.15411194  8021
SPACEBEE-173            
1 56978U 23084AY  23216.85905527  .00017356  00000+0  91706-3 0  9994
2 56978  97.5191 332.8270 0015781  33.8339 326.3896 15.15452543  8027
SPACEBEE-172            
1 56979U 23084AZ  23216.86057216  .00016595  00000+0  87932-3 0  9999
2 56979  97.5188 332.8240 0016031  34.5288 325.6982 15.15359260  8021
SPACEBEE-171            
1 56980U 23084BA  23216.85816743  .00017368  00000+0  91693-3 0  9996
2 56980  97.5194 332.8283 0015835  33.8777 326.3464 15.15479395  8028
SPACEBEE-169            
1 56982U 23084BC  23217.12917426  .00019160  00000+0  10207-2 0  9992
2 56982  97.5183 333.0759 0016081  33.0534 327.1700 15.15136989  8061
SPACEBEE-170            
1 56983U 23084BD  23217.31993458  .00022475  00000+0  11846-2 0  9996
2 56983  97.5194 333.2866 0015319  30.3115 329.9000 15.15490257  8090
SPACEBEE-168            
1 56984U 23084BE  23217.31861544  .00018418  00000+0  97072-3 0  9995
2 56984  97.5207 333.2999 0016148  33.5714 326.6538 15.15523258  8092
SPACEBEE-175            
1 56985U 23084BF  23217.77474380  .00016554  00000+0  86752-3 0  9996
2 56985  97.5191 333.7555 0017004  33.5663 326.6643 15.15734856  8166